0 0.362353 0.223182 0.434118 0.120000
4 0.691765 0.226591 0.189412 0.196818
1 0.380000 0.147273 0.392941 0.023636
0 0.469412 0.503182 0.650588 0.063636
0 0.364706 0.316364 0.434118 0.063636
0 0.506176 0.430682 0.574706 0.074091
0 0.471176 0.783409 0.655294 0.065000
0 0.371176 0.371364 0.454118 0.041818
0 0.516176 0.612273 0.561765 0.097273
4 0.168235 0.147273 0.032941 0.023636
0 0.408235 0.547500 0.457647 0.025000
0 0.486471 0.678636 0.608235 0.020909
0 0.513824 0.716818 0.551176 0.051818
0 0.691765 0.345000 0.184706 0.035455
