1 0.409706 0.143864 0.542941 0.044091
0 0.466176 0.412273 0.646471 0.144545
0 0.471765 0.224545 0.658824 0.044545
1 0.484118 0.567955 0.602353 0.041364
0 0.470882 0.270909 0.662941 0.040000
0 0.444412 0.675000 0.459412 0.020000
0 0.469706 0.641136 0.652353 0.045000
0 0.471176 0.317500 0.655294 0.040455
0 0.481765 0.606818 0.611765 0.023636
1 0.390294 0.187273 0.407647 0.023636
4 0.166765 0.187955 0.035882 0.028636
2 0.457059 0.510227 0.498824 0.028636
4 0.168824 0.561364 0.031765 0.025455
0 0.511176 0.724545 0.556471 0.073636
0 0.511176 0.797500 0.550588 0.065909
